ID "GASS ID" "SDSS ID" zSDSS M∗ µ∗ D25 R90/R50 NUV−r r col0 σ S/N SCO,obs SCO,cor "fof f" MH2 MH2/M∗ Flag
0 11956 J000820.76+150921.6 0.0395 10.09 8.48 22.5 2.15 3.04 16.28 4 1.07 2.35 1.16 1.25 ... 8.46 0.024 1
1 12025 J001934.54+161215.0 0.0366 10.84 9.13 34.3 3.03 5.93 14.73 5 1.06 ... ... ... ... 8.78 0.009 2
2 12002 J002504.00+145815.2 0.0367 10.48 9.41 24.2 3.17 6.25 15.46 6 1.18 ... ... ... ... 8.79 0.021 2
3 11989 J002558.89+135545.8 0.0419 10.69 9.18 23.7 3.02 5.79 15.13 7 1.07 ... ... ... ... 8.79 0.013 2
4 27167 J003921.66+142811.5 0.038 10.37 9.14 21.1 2.77 4.48 15.49 8 1.17 ... ... ... ... 8.74 0.023 2
5 3189 J004023.48+143649.4 0.0384 10.05 7.92 37.7 1.96 2.77 15.65 9 1.24 6.69 3.19 3.88 ... 8.93 0.076 1
6 3261 J005532.61+154632.9 0.0375 10.08 8.57 22.8 2.54 2.63 15.48 10 1.96 8.57 4.27 4.62 ... 8.98 0.08 1
7 3318 J010238.29+151006.6 0.0397 10.53 8.98 26.4 3.05 5.73 15.21 11 1.03 ... ... ... ... 8.81 0.019 2
8 3439 J010905.96+144520.8 0.0386 10.35 8.78 32.5 2.9 3.05 15.48 12 1.03 ... ... ... ... 8.79 0.028 2
9 3465 J011221.82+150039.0 0.0292 10.19 8.93 28.7 2.89 3.63 15.33 13 1.17 4.28 2.89 3.28 ... 8.62 0.027 1
10 3645 J011501.75+152448.6 0.0307 10.33 8.93 28.1 2.71 3.97 15.11 14 1.08 ... ... ... ... 8.62 0.02 2
11 3509 J011711.65+132027.3 0.0484 10.81 9.18 31.1 3.11 4.14 15.27 15 1.15 7.24 5.02 5.80 ... 9.3 0.031 1
12 3519 J011728.11+144215.9 0.0427 10.74 8.64 34.2 2.2 3.68 14.94 16 1.53 7.72 5.51 6.52 ... 9.24 0.032 1
13 3505 J011746.76+131924.5 0.0479 10.21 8.83 17.7 3.3 4.92 16.35 17 1.3 ... ... ... ... 8.93 0.052 2
14 3504 J011823.44+133728.4 0.038 10.16 7.91 37.7 1.84 2.85 15.34 18 1.53 9.19 2.83 3.44 ... 8.87 0.051 1
15 3821 J014042.68+133304.6 0.0447 10.87 9.09 41.2 3.26 5.84 14.85 19 1.14 ... ... ... ... 9.01 0.014 2
16 3819 J014143.18+134032.8 0.0453 10.67 9.06 27.6 2.49 2.20 14.71 20 2.21 23.66 20.82 23.42 ... 9.85 0.15 1
17 4094 J014326.66+131913.0 0.0276 10.55 9.22 36.3 2.98 5.94 14.71 21 1.29 ... ... ... ... 8.63 0.012 2
18 4216 J015551.98+145624.9 0.0438 10.74 8.7 40.1 2.5 2.51 14.46 22 2.56 21.66 26.04 32.31 0.12 9.96 0.167 1
19 4137 J015651.99+131246.0 0.0445 10.9 9.32 35.3 3.33 5.35 15.0 23 1.37 ... ... ... ... 8.98 0.012 2
20 4233 J015707.32+145543.5 0.0433 10.88 9.03 32.1 3.06 5.69 14.69 24 1.15 ... ... ... ... 8.76 0.008 2
21 4223 J015712.97+144407.6 0.026 10.56 9.16 41.4 3.35 5.19 14.43 25 1.28 ... ... ... ... 8.66 0.013 2
22 4239 J015816.23+141747.9 0.0261 10.8 9.18 54.4 3.35 5.58 13.92 26 2.04 ... ... ... ... 8.85 0.011 2
23 3962 J020359.14+141837.3 0.0427 10.9 8.84 46.3 2.94 3.22 14.51 27 1.64 33.32 26.04 43.35 0.39 10.07 0.145 1
24 4017 J020517.54+133020.6 0.0258 10.23 8.29 47.9 1.88 3.17 14.44 28 1.9 5.85 3.31 4.37 ... 8.64 0.026 1
25 3880 J020519.88+131530.7 0.027 10.52 9.33 32.9 2.98 6.00 14.6 29 1.29 ... ... ... ... 8.6 0.012 2
26 3977 J020744.46+140453.7 0.0324 10.26 8.64 34.5 2.61 3.57 15.59 30 1.13 3.19 1.65 1.96 ... 8.49 0.017 1
27 4030 J020939.47+135859.4 0.0491 11.33 8.72 42.5 2.02 4.08 14.08 31 2.35 10.07 7.74 13.65 0.41 9.68 0.022 1
28 4038 J021121.82+143015.5 0.0417 10.72 8.65 58.9 2.56 3.40 15.1 32 1.42 8.25 6.78 9.79 ... 9.4 0.048 1
29 4037 J021130.77+141801.9 0.0265 10.77 9.18 53.3 3.22 5.27 13.96 33 2.33 ... ... ... ... 8.74 0.009 2
30 4039 J021131.43+141202.4 0.0254 10.32 8.93 44.5 2.94 3.47 14.79 34 1.13 ... ... ... ... 8.52 0.016 2
31 4045 J021133.55+135501.7 0.0265 10.47 9.21 43.5 3.64 2.83 14.11 35 2.09 71.61 32.94 32.94 0.19 9.54 0.119 1
32 4041 J021136.94+143045.2 0.0262 10.41 8.4 53.5 1.9 3.50 14.42 36 1.44 11.04 6.78 9.37 ... 8.99 0.038 1
33 4040 J021139.06+140830.3 0.0269 10.32 9.27 28.5 3.15 5.80 14.99 37 1.1 ... ... ... ... 8.52 0.016 2
34 4048 J021219.38+133645.6 0.0414 10.55 8.77 27.4 2.32 3.45 15.39 38 1.09 12.88 6.48 7.28 ... 9.26 0.051 1
35 4054 J021337.50+134341.2 0.0411 11.18 9.25 72.0 3.08 3.78 14.18 39 1.54 ... ... ... ... 9.13 0.009 2
36 3981 J021404.39+131156.3 0.0416 10.55 8.76 31.6 2.61 3.76 15.34 40 1.25 7.65 5.78 6.71 ... 9.23 0.048 1
37 4057 J021419.24+135611.2 0.0397 10.52 9.13 26.3 2.72 3.36 15.27 41 1.12 ... ... ... ... 8.86 0.022 2
38 13775 J075155.69+271810.7 0.0264 10.57 8.81 72.6 2.92 4.14 14.91 42 1.17 3.76 2.70 4.36 ... 8.66 0.012 1
39 51276 J075404.48+135714.7 0.0296 10.37 8.55 51.4 2.36 2.78 14.67 43 1.41 19.30 12.54 17.03 ... 9.35 0.095 1
40 51416 J075559.95+125853.2 0.0445 11.27 9.31 57.3 3.2 5.43 13.91 44 2.15 ... ... ... ... 9.33 0.011 2
41 56375 J075719.71+111221.8 0.0464 10.84 8.58 58.0 2.23 3.21 14.91 45 1.87 11.11 5.33 16.04 0.59 9.7 0.073 1
42 56319 J080322.76+095745.8 0.0345 10.14 8.54 24.4 2.53 4.78 16.7 46 1.17 4.16 2.35 2.58 ... 8.66 0.033 1
43 51563 J080442.30+154632.6 0.0293 10.48 8.84 40.9 2.44 3.13 14.61 47 1.9 10.01 8.70 10.87 ... 9.15 0.047 1
44 56312 J080456.34+102621.0 0.0344 10.1 8.37 36.0 2.33 2.37 15.49 48 1.04 12.08 5.71 6.85 ... 9.08 0.095 1
45 56304 J080534.10+102336.2 0.034 10.89 8.63 65.5 1.79 3.61 14.18 49 1.44 6.77 4.58 6.97 ... 9.08 0.015 1
46 19918 J083846.98+072850.5 0.0462 10.82 8.73 47.4 2.6 3.38 14.76 50 1.29 7.25 5.03 6.62 ... 9.32 0.031 1
47 32308 J083934.43+252837.6 0.0292 10.02 7.93 32.1 1.83 3.52 15.32 51 1.16 7.17 2.02 2.35 ... 8.48 0.029 1
48 52297 J085724.03+204237.9 0.0328 10.49 9.0 35.3 3.03 4.19 15.02 52 1.12 2.96 1.60 1.91 ... 8.49 0.01 1
49 19949 J090011.06+074333.9 0.0289 10.69 8.76 42.7 2.31 3.70 14.19 53 2.1 16.54 15.60 19.75 ... 9.39 0.051 1
50 16695 J090115.64+040705.1 0.0281 10.07 8.09 82.1 2.53 3.18 15.84 54 1.01 ... ... ... ... 8.74 0.047 2
51 25752 J090124.57+101200.6 0.0368 10.56 8.44 43.7 2.25 2.55 14.49 55 2.46 10.30 7.32 7.50 0.21 9.18 0.042 1
52 56612 J090307.74+134149.4 0.029 10.27 9.23 25.3 2.95 5.07 15.28 56 1.14 ... ... ... ... 8.59 0.021 2
53 25763 J090311.24+100907.1 0.0296 10.11 8.28 54.0 2.05 2.20 14.63 57 2.47 15.44 9.06 10.89 0.27 9.16 0.11 1
54 16655 J090439.54+053043.3 0.0334 10.63 8.92 53.5 3.1 3.52 14.45 58 1.06 11.76 6.96 9.61 ... 9.2 0.037 1
55 14712 J091858.06+055318.2 0.0383 10.55 8.34 35.5 1.93 2.47 14.36 59 2.36 24.98 19.50 23.33 ... 9.7 0.143 1
56 57017 J092229.28+142743.3 0.0323 10.54 9.1 38.3 3.08 4.00 16.22 60 1.32 6.95 4.61 5.64 ... 8.94 0.026 1
57 16841 J093136.49+065708.6 0.0318 10.06 8.18 32.4 2.41 2.49 15.28 61 1.83 9.90 5.85 6.83 ... 9.01 0.089 1
58 20133 J093236.58+095025.9 0.0489 10.86 8.73 ... 2.3 ... 14.69 62 1.78 9.11 7.14 7.14 ... 9.4 0.035 1
59 8347 J093858.50+040940.5 0.0463 10.68 9.04 22.6 2.85 6.04 15.28 63 1.11 ... ... ... ... 8.96 0.019 2
60 14784 J093923.27+062405.9 0.0318 11.07 9.14 56.1 2.9 3.78 13.59 64 1.41 6.70 5.83 8.22 ... 9.09 0.01 1
61 8349 J093953.62+034850.2 0.0285 10.36 8.92 38.2 2.93 4.73 15.61 65 1.21 14.75 8.52 10.41 ... 9.1 0.055 1
62 26056 J095007.20+124446.0 0.0296 10.11 8.06 48.2 2.09 2.40 14.69 66 1.58 8.09 5.80 7.67 ... 9.0 0.077 1
63 18702 J095051.58+081340.7 0.0299 10.2 8.71 30.2 2.2 3.84 15.71 67 1.27 9.02 6.48 7.44 ... 9.0 0.062 1
64 18673 J095301.79+072736.4 0.0385 10.38 8.97 21.2 2.27 3.04 15.32 68 2.01 13.17 12.18 13.04 ... 9.46 0.119 1
65 18686 J095302.62+075029.3 0.0411 10.55 8.48 38.0 2.1 2.99 14.88 71 1.38 11.82 8.10 9.88 ... 9.39 0.069 1
66 20292 J095349.23+091137.6 0.0299 10.67 9.02 31.3 2.41 4.47 14.38 72 1.44 6.88 6.48 7.50 ... 9.0 0.021 1
67 20286 J095439.45+092640.7 0.0346 10.53 8.89 33.8 2.63 4.11 15.74 73 1.91 9.83 11.70 13.82 ... 9.39 0.072 1
68 14831 J100530.26+054019.4 0.0444 11.21 9.13 51.2 2.72 4.25 14.59 74 2.19 7.80 9.90 13.43 ... 9.59 0.024 1
69 14943 J101600.20+061505.2 0.0458 11.33 9.23 56.7 3.37 6.44 13.74 75 1.9 ... ... ... ... 9.3 0.009 2
70 26221 J101638.39+123438.5 0.0317 10.98 8.88 75.4 2.6 3.71 13.99 76 2.78 25.33 41.46 77.19 0.43 10.06 0.12 1
71 26368 J101941.29+125034.7 0.0329 10.27 8.53 57.3 2.84 3.07 15.67 77 1.85 10.25 9.54 13.59 ... 9.34 0.119 1
72 18900 J102001.61+083053.6 0.0453 10.92 9.28 33.6 3.16 5.39 14.63 78 1.2 ... ... ... ... 9.01 0.012 2
73 26311 J102309.58+121422.2 0.0448 11.13 8.9 67.9 3.08 4.71 14.33 79 1.26 5.07 3.58 5.56 ... 9.21 0.012 1
74 22999 J102316.42+115120.4 0.0455 10.64 8.62 36.7 2.1 3.79 15.45 80 2.06 14.32 12.18 14.71 ... 9.65 0.102 1
75 26602 J103347.41+124358.1 0.0325 10.74 9.2 43.1 3.21 6.40 14.55 81 1.47 ... ... ... ... 8.85 0.013 2
76 15181 J104002.96+060114.0 0.0468 11.18 8.73 67.1 2.94 4.78 14.94 82 1.56 9.56 8.34 12.88 ... 9.62 0.027 1
77 15166 J104121.14+061644.3 0.0339 10.02 8.1 34.3 2.07 2.35 15.33 83 1.45 4.25 2.33 2.77 ... 8.68 0.045 1
78 29555 J104145.56+135352.9 0.0316 10.38 8.88 33.6 3.11 4.55 14.94 84 1.02 4.00 1.76 2.07 ... 8.49 0.013 1
79 23315 J104200.74+114648.0 0.0329 10.45 9.05 24.7 2.5 4.34 15.05 85 1.09 ... ... ... ... 8.64 0.015 2
80 8914 J104402.21+043946.8 0.0266 10.42 8.5 40.5 2.0 2.76 14.25 86 2.08 13.55 12.36 19.80 0.37 9.32 0.08 1
81 29596 J104702.82+141548.0 0.0324 10.68 9.01 42.5 3.01 5.29 14.45 87 1.02 3.00 1.24 1.56 ... 8.39 0.005 1
82 15257 J104805.79+060114.4 0.0288 10.09 8.94 19.7 2.75 5.45 15.74 88 0.97 ... ... ... ... 8.49 0.025 2
83 23408 J105322.36+111050.4 0.043 11.04 8.84 55.6 3.19 5.53 14.2 89 1.39 ... ... ... ... 9.11 0.012 2
84 23450 J105648.58+120535.7 0.0476 10.81 9.24 25.4 3.13 5.51 15.18 90 1.06 ... ... ... ... 8.97 0.015 2
85 23453 J105800.29+115913.6 0.0348 10.12 8.08 ... 1.9 ... 15.01 91 1.84 4.34 3.85 3.85 ... 8.84 0.052 1
86 17659 J105807.59+091633.9 0.0344 11.17 9.23 59.5 3.16 5.61 13.66 92 2.59 ... ... ... ... 9.2 0.011 2
87 17640 J105929.94+084233.1 0.0349 11.04 9.18 54.6 3.08 5.61 14.5 93 1.55 ... ... ... ... 9.05 0.01 2
88 5442 J110032.51+020657.8 0.0394 11.1 8.62 61.0 1.75 2.99 13.95 94 2.32 10.68 12.42 30.66 0.52 9.85 0.056 1
89 17684 J110037.27+102613.9 0.0361 11.08 9.04 45.7 2.47 6.05 14.13 95 1.73 ... ... ... ... 9.02 0.009 2
90 29624 J110050.33+133551.4 0.034 10.32 8.59 38.9 2.49 4.17 15.91 96 1.7 13.93 11.70 14.38 ... 9.39 0.119 1
91 29699 J110818.34+131327.5 0.034 11.01 8.92 59.2 3.35 5.15 14.11 97 1.71 1.63 1.35 1.95 ... 8.53 0.003 1
92 12371 J111306.40+051403.0 0.0432 10.8 8.89 40.6 2.89 3.34 14.72 98 1.57 8.76 6.06 7.55 ... 9.32 0.033 1
93 12318 J111443.35+040128.2 0.0417 11.21 9.23 53.1 3.28 5.60 13.88 99 1.03 ... ... ... ... 9.02 0.006 2
94 12455 J112017.79+041913.3 0.0491 11.45 9.28 54.7 3.42 6.26 13.84 100 1.88 ... ... ... ... 9.35 0.008 2
95 12293 J112029.23+040742.1 0.0496 11.32 8.87 52.8 2.41 4.44 14.15 101 1.16 7.28 5.44 7.48 ... 9.43 0.013 1
96 12460 J112048.30+035021.0 0.0494 10.98 8.97 48.0 3.13 5.13 15.14 102 1.04 5.35 2.68 3.54 ... 9.1 0.013 1
97 12458 J112118.26+033953.0 0.0394 11.04 9.3 40.0 3.2 5.77 14.18 103 1.6 ... ... ... ... 9.04 0.01 2
98 29842 J112131.76+132535.7 0.0341 10.8 8.82 56.0 2.59 3.69 14.33 104 2.09 13.48 16.86 42.65 0.53 9.87 0.118 1
99 23685 J112311.63+130703.7 0.047 10.7 8.94 32.5 3.01 3.32 15.16 105 2.02 11.12 12.66 14.79 ... 9.68 0.094 1
100 17865 J112920.69+083608.3 0.027 10.28 8.08 53.2 2.03 2.72 14.49 106 1.92 9.79 7.14 9.84 0.34 9.03 0.056 1
101 29892 J112946.35+152001.1 0.0366 11.02 9.06 54.5 2.85 3.81 13.88 107 1.28 7.70 6.36 8.86 ... 9.25 0.017 1
102 18202 J121134.94+092106.8 0.0269 10.25 9.02 26.2 2.94 5.55 15.0 108 1.1 ... ... ... ... 8.51 0.018 2
103 24149 J121356.24+134035.2 0.0422 10.33 8.39 32.6 3.34 3.93 15.9 109 1.08 ... ... ... ... 8.96 0.043 2
104 30175 J121602.67+141121.8 0.0254 10.74 9.13 ... 2.9 ... 13.97 110 1.49 ... ... ... ... 8.5 0.006 2
105 24168 J121612.36+132615.4 0.026 10.44 8.85 49.1 2.83 4.77 14.95 111 1.24 4.37 3.16 4.21 ... 8.63 0.016 1
106 24183 J121744.10+131015.7 0.0429 10.77 8.73 45.4 2.58 2.31 14.23 112 2.12 17.16 17.34 17.42 0.20 9.67 0.08 1
107 24741 J121750.81+082549.0 0.0492 10.91 8.98 42.3 2.92 2.64 14.67 113 1.32 9.78 7.62 9.62 ... 9.53 0.041 1
108 18335 J121853.94+100010.1 0.0431 10.87 9.17 35.0 3.17 6.03 14.83 114 1.2 ... ... ... ... 9.07 0.016 2
109 18421 J122006.47+100429.2 0.0434 10.6 8.8 31.8 3.53 4.10 14.97 115 1.65 8.16 5.10 5.93 ... 9.21 0.041 1
110 24094 J122030.18+112027.3 0.0431 11.08 8.91 43.2 2.56 4.31 14.26 116 1.47 6.36 5.66 7.19 ... 9.29 0.016 1
111 30338 J122319.58+141813.4 0.0418 10.95 8.97 52.4 2.92 4.76 14.7 117 1.18 ... ... ... ... 9.11 0.015 2
112 18469 J123251.49+084423.9 0.0338 10.15 8.24 27.3 1.8 2.51 15.18 118 1.61 7.51 4.83 5.42 ... 8.96 0.065 1
113 12970 J123553.79+054539.8 0.0418 10.89 8.51 51.3 2.76 5.50 14.39 119 1.08 ... ... ... ... 8.96 0.012 2
114 24426 J123622.72+133610.3 0.0305 10.12 8.1 47.2 2.08 2.43 14.83 120 1.47 11.17 6.54 8.59 ... 9.08 0.09 1
115 12966 J123632.24+061010.5 0.0395 11.18 9.0 51.6 2.57 5.25 13.96 121 1.88 ... ... ... ... 9.15 0.009 2
116 30479 J123708.06+142426.9 0.0308 10.29 9.19 21.7 2.91 5.46 15.34 122 1.25 ... ... ... ... 8.66 0.024 2
117 28143 J123711.40+083929.8 0.0283 10.3 8.83 42.3 2.88 3.11 14.98 123 1.27 ... ... ... ... 8.69 0.024 2
118 30471 J123753.20+141652.7 0.0263 10.83 9.11 52.9 2.98 5.58 13.64 124 2.1 ... ... ... ... 8.86 0.011 2
119 24366 J123938.86+122507.9 0.0411 10.86 9.51 32.6 3.24 5.76 14.95 125 1.04 ... ... ... ... 8.86 0.01 2
120 12983 J124032.46+052119.9 0.0466 11.04 8.98 42.0 2.71 4.35 14.68 126 1.03 ... ... ... ... 9.06 0.011 2
121 28168 J124054.96+080323.2 0.0478 10.18 9.07 14.5 2.93 3.22 16.25 127 1.4 5.99 3.12 3.18 ... 9.03 0.07 1
122 6506 J124309.36+033452.2 0.0487 10.77 8.52 41.4 1.97 3.05 14.89 128 2.0 15.89 16.92 21.66 0.29 9.87 0.128 1
123 13037 J124314.97+040502.0 0.0485 11.03 9.18 36.6 3.28 5.85 14.72 129 0.94 ... ... ... ... 8.98 0.009 2
124 28461 J124622.67+115235.7 0.0443 11.36 9.19 55.1 3.32 5.87 13.76 130 1.87 ... ... ... ... 9.26 0.008 2
125 6565 J124938.19+024520.2 0.0476 10.89 9.22 34.0 3.29 5.88 14.91 131 1.05 ... ... ... ... 9.0 0.013 2
126 6583 J125055.79+031149.3 0.0483 11.2 9.12 47.2 3.25 5.59 14.14 132 1.62 ... ... ... ... 9.24 0.011 2
127 26822 J125129.06+134654.5 0.0376 11.03 8.89 59.2 2.49 3.48 13.8 133 1.99 16.79 18.66 27.47 0.34 9.76 0.054 1
128 40500 J125911.09+103006.0 0.046 10.88 9.07 32.4 3.42 5.22 14.91 134 1.11 ... ... ... ... 8.99 0.013 2
129 30508 J125926.22+142030.0 0.0471 11.02 8.88 44.0 3.38 5.25 14.59 135 1.22 ... ... ... ... 9.09 0.012 2
130 13227 J125950.03+050251.2 0.0483 11.22 8.75 48.1 2.4 4.45 14.17 136 1.58 7.13 5.24 6.94 ... 9.37 0.014 1
131 40439 J130415.04+091324.4 0.035 10.95 8.6 70.7 2.18 2.61 13.59 137 2.04 19.33 16.14 38.85 0.51 9.85 0.079 1
132 25154 J130457.41+120444.6 0.0358 11.13 9.18 54.4 3.0 5.93 13.81 138 1.89 ... ... ... ... 9.08 0.009 2
133 40570 J131104.94+084828.3 0.0325 11.14 9.08 62.9 2.82 5.61 13.42 141 2.6 ... ... ... ... 9.17 0.011 2
134 25214 J131232.81+114344.2 0.0311 11.16 9.18 66.3 3.19 5.92 13.46 142 2.53 ... ... ... ... 9.13 0.009 2
135 25448 J133003.89+121030.6 0.0447 10.68 8.38 42.1 2.4 2.60 14.71 143 1.58 5.43 2.97 3.74 ... 9.04 0.023 1
136 25347 J133019.15+113042.5 0.0378 11.09 9.22 53.5 3.61 5.90 13.9 144 1.92 ... ... ... ... 9.13 0.011 2
137 13512 J133612.18+044424.3 0.0343 10.73 9.47 34.3 2.88 4.45 14.19 145 1.55 3.90 2.35 2.79 ... 8.69 0.009 1
138 7031 J134647.18+020712.1 0.0331 10.6 9.31 35.7 3.16 5.11 15.39 146 1.19 ... ... ... ... 8.78 0.015 2
139 35981 J135308.35+354250.5 0.0411 10.3 8.25 72.8 2.21 2.50 15.31 147 0.91 6.60 2.59 4.19 ... 9.02 0.053 1
140 40317 J135533.72+144552.7 0.0408 11.07 9.29 44.5 3.39 5.45 14.32 148 1.65 ... ... ... ... 9.1 0.011 2
141 40257 J135842.23+132722.9 0.0393 11.13 9.07 53.0 3.22 5.72 13.94 149 1.85 ... ... ... ... 9.15 0.01 2
142 40247 J135942.61+124412.5 0.0392 11.35 9.32 63.8 3.37 5.69 13.59 150 2.22 ... ... ... ... 9.26 0.008 2
143 9301 J140316.98+042147.4 0.0462 11.33 9.77 28.7 2.92 3.36 15.38 151 1.96 8.81 8.94 10.14 ... 9.5 0.015 1
144 7286 J141432.05+031124.9 0.0269 10.73 8.97 53.4 2.49 4.56 13.53 152 1.41 5.03 3.43 4.74 ... 8.71 0.01 1
145 38462 J141545.94+102619.8 0.0258 10.75 8.9 52.6 2.36 4.39 14.06 153 2.22 15.24 17.04 26.99 0.37 9.43 0.049 1
146 38472 J141608.76+103543.8 0.0264 10.19 8.89 34.2 3.07 5.45 14.99 154 1.19 ... ... ... ... 8.55 0.023 2
147 38591 J141740.51+103459.9 0.0271 10.28 8.77 36.0 3.45 6.03 14.91 155 1.04 ... ... ... ... 8.52 0.017 2
148 41323 J141822.46+080551.0 0.044 11.02 9.0 47.7 3.24 5.53 14.39 156 1.3 ... ... ... ... 9.07 0.011 2
149 30811 J141845.69+055004.7 0.0489 11.28 9.21 55.1 3.19 5.26 14.2 157 1.68 ... ... ... ... 9.3 0.01 2
150 9483 J142056.54+035217.4 0.0354 10.71 8.93 33.3 2.46 2.70 14.41 158 2.25 10.44 9.00 10.58 ... 9.3 0.038 1
151 9514 J142209.71+043116.1 0.0267 10.51 9.0 37.1 2.97 4.53 14.88 159 1.21 3.62 2.31 2.80 ... 8.48 0.009 1
152 9551 J142732.37+044917.8 0.0269 10.91 9.21 60.3 2.8 3.86 13.71 160 2.19 40.60 53.16 86.09 0.19 9.97 0.115 1
153 9814 J143348.34+035724.7 0.0293 10.87 8.93 49.3 2.36 4.21 13.9 161 2.34 13.22 12.72 16.98 0.27 9.34 0.029 1
154 9601 J143351.42+034046.1 0.0288 10.83 9.33 47.5 3.18 6.09 14.17 162 2.13 ... ... ... ... 8.93 0.012 2
155 9917 J144025.99+033556.0 0.0281 10.66 9.6 32.4 3.04 5.58 14.52 163 1.53 ... ... ... ... 8.71 0.011 2
156 9948 J144414.74+041306.7 0.0256 10.7 9.2 81.3 2.56 3.66 13.99 164 1.56 ... ... ... ... 8.84 0.014 2
157 38717 J144929.32+090445.1 0.0405 10.41 8.44 38.3 2.55 3.02 15.35 165 2.05 5.74 5.72 7.00 ... 9.23 0.065 1
158 10019 J145153.39+032147.7 0.0308 10.68 8.65 64.7 2.48 2.95 14.19 166 2.21 11.98 13.26 24.13 0.42 9.53 0.072 1
159 38964 J150216.35+115503.2 0.0322 11.27 9.28 65.7 2.8 5.41 13.55 167 1.61 ... ... ... ... 9.12 0.007 2
160 39119 J150926.10+101718.3 0.0276 10.18 8.72 38.8 2.87 3.63 16.0 168 2.35 11.14 9.30 11.42 ... 9.12 0.086 1
161 10218 J151140.36+034034.2 0.0464 10.76 8.69 38.5 2.6 2.74 14.54 169 2.53 11.67 11.76 14.40 ... 9.66 0.078 1
162 39270 J151220.62+092059.7 0.0345 10.14 8.07 48.9 2.06 2.37 15.08 170 1.34 9.28 4.51 6.00 ... 9.03 0.076 1
163 42025 J151507.55+070116.5 0.0367 10.88 9.08 51.5 3.02 4.90 14.72 171 1.27 5.38 3.81 5.18 ... 9.02 0.014 1
164 41969 J151531.54+062213.3 0.0351 10.42 8.45 45.2 2.84 2.04 14.42 172 2.01 20.50 12.30 27.90 0.49 9.71 0.192 1
165 42140 J151531.97+072829.0 0.0457 10.98 9.02 47.9 3.13 5.99 14.57 173 1.23 ... ... ... ... 9.08 0.013 2
166 10367 J151553.85+030301.1 0.0379 11.08 9.12 39.1 2.5 4.54 14.31 174 1.81 ... ... ... ... 9.06 0.01 2
167 42013 J151604.47+065051.4 0.0368 10.77 9.11 39.6 3.07 4.08 14.73 175 2.6 23.04 29.40 36.34 0.10 9.86 0.124 1
168 42141 J151619.14+070944.4 0.036 10.97 8.53 56.0 1.84 3.49 13.95 176 1.21 ... ... ... ... 8.92 0.009 2
169 10358 J151711.15+032105.7 0.037 11.09 9.17 41.5 3.08 5.86 14.13 177 1.85 ... ... ... ... 9.06 0.009 2
170 10404 J151722.96+041248.9 0.0361 11.02 9.34 51.7 3.32 5.87 14.04 178 1.72 ... ... ... ... 9.04 0.01 2
171 10447 J151840.93+042505.3 0.0471 10.68 8.76 25.1 2.62 5.45 15.38 179 1.11 ... ... ... ... 8.98 0.02 2
172 39548 J152522.51+094352.3 0.0347 10.42 8.15 44.7 1.91 2.69 14.72 180 1.94 9.28 7.74 8.44 0.23 9.18 0.058 1
173 39605 J152559.84+094724.5 0.0339 10.13 9.07 18.5 3.22 5.45 15.91 181 1.26 ... ... ... ... 8.74 0.041 2
174 39595 J152716.72+100240.2 0.0435 10.87 9.01 44.7 3.15 3.50 14.61 182 1.99 11.61 13.50 13.50 0.18 9.58 0.051 1
175 39567 J152747.42+093729.6 0.0312 10.57 9.22 37.1 3.11 3.84 14.93 183 1.67 7.94 7.38 8.94 ... 9.11 0.035 1
176 26958 J154654.33+055328.3 0.0419 11.26 9.1 71.2 3.09 4.71 13.52 184 2.19 20.61 30.72 33.42 0.23 9.94 0.048 1
177 47221 J154902.67+175625.5 0.0318 10.54 8.72 34.8 2.19 3.05 14.62 185 1.38 8.94 5.51 6.55 ... 9.0 0.029 1
178 42402 J155125.21+254539.0 0.046 11.03 8.78 63.8 2.71 4.18 14.47 186 1.16 4.09 2.93 4.40 ... 9.13 0.013 1
179 31156 J155752.01+041544.3 0.0258 10.68 9.05 44.6 2.97 5.76 14.08 187 2.34 ... ... ... ... 8.76 0.012 2
180 29487 J155754.56+092435.7 0.0428 11.17 9.26 40.9 3.15 5.56 14.06 188 2.29 2.26 2.08 2.59 ... 8.84 0.005 1
181 10817 J220120.93+121148.1 0.0291 10.61 9.33 39.5 3.31 6.34 14.55 189 1.31 ... ... ... ... 8.7 0.012 2
182 10827 J220147.39+131228.5 0.0301 10.11 8.81 22.2 2.75 6.50 15.65 190 1.15 ... ... ... ... 8.61 0.032 2
183 10831 J220322.59+123857.6 0.0273 10.46 9.05 35.0 2.73 5.00 14.79 191 1.14 5.47 3.35 3.99 ... 8.65 0.015 1
184 10813 J220358.03+115421.2 0.0268 10.55 9.11 29.4 3.07 5.47 14.61 192 1.28 ... ... ... ... 8.58 0.011 2
185 10836 J220419.41+125806.2 0.0274 10.69 9.27 51.3 3.28 6.28 14.28 193 1.28 ... ... ... ... 8.68 0.01 2
186 10850 J220538.79+122521.3 0.0355 10.28 8.69 27.5 2.39 4.00 15.75 194 1.15 7.23 3.79 4.26 ... 8.9 0.042 1
187 10841 J221111.69+114802.6 0.027 10.36 9.05 32.0 2.76 3.68 14.65 195 0.99 11.46 5.77 6.72 ... 8.87 0.032 1
188 10885 J221212.48+121218.6 0.0275 10.04 8.49 27.5 2.11 2.51 14.83 196 2.15 12.15 10.38 11.66 ... 9.12 0.121 1
189 10889 J221236.07+140103.9 0.0266 10.45 9.14 34.8 3.37 5.15 14.83 197 1.16 ... ... ... ... 8.54 0.012 2
190 10844 J221253.09+122158.7 0.0271 10.16 9.1 22.0 2.89 5.62 15.35 198 1.16 ... ... ... ... 8.34 0.015 2
191 10872 J221321.50+132611.3 0.0281 10.48 8.81 33.5 2.73 5.15 14.76 199 1.1 ... ... ... ... 8.57 0.012 2
192 10884 J221430.63+130444.9 0.0257 10.47 9.04 47.5 2.93 5.97 14.83 200 1.23 ... ... ... ... 8.59 0.013 2
193 10942 J221530.28+134023.4 0.0251 10.04 9.06 21.6 3.26 5.54 15.43 201 1.13 ... ... ... ... 8.45 0.025 2
194 10943 J221540.59+133616.9 0.0275 10.23 8.71 32.2 2.4 5.00 15.16 202 1.35 6.79 3.76 4.39 ... 8.7 0.03 1
195 10944 J221543.66+134252.3 0.0262 10.05 9.28 25.1 3.24 5.51 15.44 203 1.02 ... ... ... ... 8.45 0.025 2
196 10950 J221559.51+132715.3 0.0254 10.21 9.43 19.1 2.68 5.65 15.17 204 1.25 ... ... ... ... 8.49 0.019 2
197 10949 J221600.51+130851.8 0.0262 10.33 9.21 39.8 3.36 5.43 14.79 205 1.18 ... ... ... ... 8.56 0.017 2
198 10948 J221636.89+131514.4 0.0258 10.02 8.65 30.9 2.5 4.82 15.81 206 1.1 5.84 2.89 3.34 ... 8.53 0.032 1
199 10952 J221657.95+133235.0 0.0262 10.47 8.97 47.2 2.58 7.13 15.06 207 1.41 7.30 5.39 7.07 ... 8.86 0.025 1
200 11016 J223619.86+141852.3 0.0375 10.25 8.83 22.3 3.21 4.63 15.9 208 1.15 ... ... ... ... 8.83 0.039 2
201 11015 J223701.58+142417.4 0.0367 10.76 8.93 44.3 3.11 5.51 14.63 211 1.15 ... ... ... ... 8.96 0.016 2
202 11086 J225524.42+131453.8 0.0329 10.43 9.08 32.0 2.87 4.26 15.2 212 1.17 ... ... ... ... 8.73 0.02 2
203 11087 J225525.96+125539.3 0.0376 10.88 9.16 42.9 3.05 5.28 14.86 213 1.42 ... ... ... ... 8.96 0.012 2
204 11071 J225726.69+130005.9 0.0257 10.56 8.7 46.7 2.39 4.40 14.27 214 1.38 6.45 3.60 4.71 ... 8.67 0.013 1
205 11126 J230111.07+130932.5 0.0484 10.75 8.71 29.2 2.39 3.66 14.96 215 0.99 ... ... ... ... 8.98 0.017 2
206 11112 J230240.30+131944.6 0.0277 10.81 9.02 51.5 2.58 3.34 13.55 216 2.64 24.66 36.00 60.74 0.20 9.84 0.107 1
207 11120 J230343.06+135535.5 0.0271 10.4 8.99 38.6 2.64 3.49 14.54 217 2.02 8.44 8.46 10.37 ... 9.06 0.045 1
208 11311 J231229.22+135632.1 0.0341 10.91 9.11 52.4 2.76 4.48 14.35 218 1.77 13.03 13.26 22.77 0.40 9.6 0.048 1
209 11298 J231330.39+140350.0 0.0394 10.1 8.29 36.7 2.61 3.88 16.6 219 1.17 7.41 4.82 5.83 ... 9.13 0.106 1
210 11295 J231334.71+135912.3 0.0398 11.09 8.95 75.3 3.07 4.72 14.29 220 1.38 12.51 11.34 18.72 ... 9.64 0.035 1
211 1977 J231815.66+001540.2 0.0298 10.78 8.75 66.2 2.24 3.35 14.07 221 1.93 13.89 13.62 24.31 0.21 9.51 0.054 1
212 11270 J231816.95+133426.6 0.0395 10.07 8.69 21.1 2.88 3.91 16.23 222 1.18 6.47 2.02 2.16 ... 8.7 0.042 1
213 11349 J231836.21+151758.7 0.0256 10.13 8.47 39.3 2.19 2.88 14.76 223 1.64 15.05 10.08 12.43 ... 9.09 0.091 1
214 11437 J232215.37+140450.6 0.0264 10.56 8.99 48.3 2.72 3.83 14.54 224 1.26 7.58 4.81 6.37 ... 8.82 0.018 1
215 11408 J232227.40+134857.1 0.026 10.05 8.22 45.4 2.2 2.53 14.8 225 2.17 18.47 8.04 10.40 ... 9.03 0.094 1
216 11513 J232239.48+154405.3 0.0411 10.62 8.68 24.0 2.16 4.53 15.31 226 1.16 2.68 1.50 1.64 ... 8.61 0.01 1
217 11514 J232326.53+152510.4 0.0428 10.27 9.16 19.6 2.98 4.27 16.26 227 1.13 4.33 2.77 2.93 ... 8.9 0.043 1
218 11386 J232611.29+140148.1 0.0462 10.56 9.08 25.7 3.46 4.69 15.77 228 1.17 ... ... ... ... 8.99 0.027 2
219 11808 J235257.31+154244.8 0.0479 10.78 8.69 36.0 2.61 4.97 14.97 229 1.11 7.87 4.76 5.71 ... 9.28 0.032 1
220 11845 J235644.47+135435.4 0.0363 10.6 8.65 42.5 2.47 4.10 14.98 230 1.72 20.57 17.28 17.28 0.14 9.53 0.085 1
221 11824 J235747.57+153649.2 0.038 10.25 8.05 39.1 2.23 3.24 15.45 231 1.08 4.53 2.29 2.82 ... 8.78 0.034 1
